0,0.662875791406239,0.185938280437923,0.011094536765798,0.066420076406982,0.002788314861563,0.070883000121495
1,0.665013954597648,0.185624955617278,0.01103438203843,0.067809429636805,0.002784220250848,0.067733057858991
2,0.667577870708325,0.184526465368373,0.010967696032439,0.069262589676907,0.002782153522476,0.06488322469148
3,0.666602528952268,0.183964039099927,0.010955071859414,0.070995852938569,0.002782438524657,0.064700068625165
4,0.667378011057639,0.183000019536465,0.011035497756563,0.071868793102326,0.002771573141268,0.06394610540574
5,0.667877429067382,0.1844185542865,0.011370151656877,0.070162123235777,0.002743634117169,0.063428107636295
6,0.667830344202186,0.184053031196517,0.011368133581794,0.071353220687251,0.002765699818372,0.062629570513879
7,0.671472182980331,0.18473086015758,0.011472862543894,0.067744646149946,0.002651604750149,0.0619278434181
8,0.671056380673229,0.185379201842252,0.011313519691729,0.067689649599571,0.002653299781985,0.061907948411233
9,0.670759654423289,0.184089481602186,0.011406572664178,0.069414653411394,0.002754055928621,0.061575581970332
10,0.672303404616004,0.185464871914382,0.011261182494107,0.068547599956507,0.002708152244066,0.059714788774935
11,0.675407818447876,0.184116074885725,0.011259007457395,0.068806791610305,0.002695951484188,0.057714356114511
12,0.679680464869648,0.182903740983267,0.011331825184414,0.067576157859893,0.00264689548277,0.055860915620009
13,0.685972097665085,0.17898645858799,0.011307239285241,0.067845949548546,0.002638272038653,0.053249982874485
14,0.689115045574104,0.177284387903192,0.01126675775659,0.068363029147943,0.002677744000679,0.051293035617492
15,0.693626909778051,0.175740321811169,0.010944739515075,0.068020225002846,0.002576952478459,0.049090851414401
16,0.692988677792201,0.178495879163535,0.011079988323779,0.067799715547385,0.002594232692176,0.047041506480924
17,0.692878169736649,0.180609029168906,0.010993917037182,0.067385913910197,0.002498534225827,0.045634435921239
18,0.689313020725624,0.18323591223794,0.011053037493718,0.069688340871906,0.002550564995219,0.044159123675595
19,0.692964081079416,0.181376568105667,0.010995696743648,0.069134680549566,0.002550911598413,0.04297806192329
20,0.692748273496509,0.181375531130014,0.010843230305976,0.070464523280292,0.002534009382954,0.042034432404255
21,0.691310064159895,0.180626266991597,0.010679970066174,0.074656164313391,0.00253530796102,0.040192226507922
22,0.692539867385983,0.177946123164442,0.010632655462662,0.077491497875266,0.002575997430958,0.038813858680688
23,0.689060306173287,0.180899836949137,0.010610195208116,0.079621472892794,0.002601453870193,0.037206734906472
24,0.685105486985552,0.185662081480558,0.010664228622089,0.080510327058139,0.002563271412542,0.03549460444112
25,0.68331477013736,0.188988163860306,0.010836819470794,0.081014923073501,0.002562317815297,0.033283005642741
26,0.683718689991794,0.189323509258711,0.011103897202507,0.081552473078257,0.002544136431695,0.031757294037035
27,0.685125411141466,0.187155129756455,0.011061836508115,0.084304791487345,0.002822894186428,0.029529936920192
28,0.689947703690485,0.182795550044563,0.010615668790724,0.08618327195004,0.002856348735053,0.027601456789136
29,0.693434779455784,0.178955469817326,0.010410684237299,0.088077945684261,0.003001779047678,0.026119341757653
30,0.699217241895987,0.171752352266302,0.01030316154653,0.090776206866004,0.002997273416301,0.024953764008877
31,0.706574568768985,0.166336741652691,0.009989953263278,0.090108602581567,0.003044380489653,0.023945753243825
32,0.712094074730291,0.161943042002185,0.009829321107036,0.090175556405024,0.003011012968511,0.022946992786954
33,0.716118040574687,0.15950035747506,0.009409284435778,0.089955824082833,0.002978113737352,0.02203837969429
34,0.717411639150529,0.156854934570864,0.009467408617086,0.09181837910274,0.002921329040659,0.021526309518122
35,0.719705096265657,0.155380418911714,0.009420861080046,0.09126261659764,0.002965306441334,0.021265700703609
36,0.721259418729817,0.155155271595079,0.009400789379261,0.090236929523016,0.002937023276271,0.021010567496557
37,0.725724202518072,0.154268215631602,0.009035038304878,0.087474712403411,0.00290932839214,0.020588502749897
38,0.724631764278105,0.157961366782438,0.009170880280404,0.085130172103335,0.002882790304407,0.020223026251311
39,0.725950088421319,0.157091724493632,0.009019631983237,0.085778540901808,0.002668477127296,0.019491537072708
40,0.727393692674324,0.155345550168461,0.008998274303558,0.086240573462202,0.002723819035759,0.019298090355696
41,0.731005569279535,0.153688967817584,0.009172930999371,0.084660511746335,0.002703054818761,0.018768965338413
42,0.728345960803296,0.152282078049173,0.00918950964882,0.088771256717377,0.002668156156378,0.018743038624957
43,0.728466162484946,0.152300570640262,0.008922726801985,0.090064241809218,0.002582568929839,0.017663729333749
44,0.731762516838253,0.150502482531827,0.008846018419514,0.089260021384985,0.002579119597626,0.017049841227795
45,0.731958824095979,0.15035445740244,0.008708714255745,0.089596645551833,0.002449470194044,0.016931888499959
46,0.735483124751308,0.150907613112978,0.008696767266713,0.086207687728538,0.002388703694507,0.016316103445957
47,0.750975371320391,0.145214995171137,0.008388341027027,0.077801700586847,0.002218028347052,0.015401563547546
48,0.756132968367917,0.143651802334851,0.008327925468014,0.074791338732965,0.002088858150757,0.015007106945496
49,0.761029862519981,0.140760292494928,0.008206467552356,0.073501958216993,0.002193017967479,0.014308401248262
50,0.760376150586094,0.141569589431672,0.008383576298713,0.073781522367902,0.001992574287381,0.013896587028239
51,0.766971915897577,0.141693614402925,0.008218124049193,0.067664961712875,0.002049221362632,0.013402162574798
52,0.768767890550299,0.142292794557361,0.008263726794561,0.065568848042623,0.0020332871797,0.013073452875456
53,0.771043745993957,0.142080052193023,0.008435010530171,0.063751602417361,0.002000160241736,0.012689428623752
54,0.779075918777537,0.137745833534128,0.008306129046057,0.060650986095627,0.001889184109628,0.012331948437024
55,0.783060882535413,0.133814349165821,0.008294293541242,0.060749010367731,0.001784676209908,0.012296788179885
56,0.787622227973032,0.131977306751625,0.008108281868687,0.058325819161759,0.001845001504635,0.012121362740262
57,0.797779274484753,0.128163341339101,0.008048299487835,0.052263069401441,0.001796048370555,0.011949966916315
58,0.794649994139555,0.129899147542784,0.007901041892153,0.054016411358916,0.001763413292335,0.011769991774258
59,0.799610105175332,0.127356015692063,0.007827312426627,0.052010579039276,0.001716820832899,0.011479166833803
60,0.802659241971065,0.124705781186092,0.00751050368056,0.052387761379309,0.001626127402397,0.011110584380578
61,0.806233868055005,0.121974572090524,0.007520899953311,0.051628830924003,0.001590620788076,0.011051208189082
62,0.808300955455706,0.12022827115225,0.007341515364361,0.051811244847336,0.001541388091696,0.010776625088653
63,0.810925925600936,0.11712725151905,0.007336247709068,0.052387395529692,0.001518025899452,0.010705153741802
64,0.815005037530798,0.114319718471265,0.007205937123976,0.051609025536223,0.001483206639036,0.010377074698703
65,0.821784113465487,0.109390556940855,0.007003667563632,0.050228163194563,0.001421354860502,0.010172143974961
66,0.825559407398776,0.105660914796581,0.006741696688386,0.050974451597868,0.001466937266745,0.009596592251645
67,0.830346477954195,0.104215725220226,0.006724519925793,0.047829274185952,0.001361012254571,0.009522990459263
68,0.823763369125977,0.10642043820847,0.006892952092814,0.051958113967063,0.001429156202949,0.009535970402727
69,0.830888900926277,0.10073343805861,0.006699528736255,0.051175992633119,0.001404040951194,0.009098098694545
70,0.837453593265475,0.096583900258735,0.006498798360605,0.049358507146749,0.001332268508141,0.008772932460295
71,0.852842698991082,0.087127986919861,0.006080198354365,0.044199275541676,0.001231823076631,0.008518017116386
72,0.850828946973947,0.086095704722707,0.006197294090942,0.046939256239052,0.001322546244149,0.008616251729204
73,0.841697284336892,0.0918673068636,0.006238243937906,0.050172473301868,0.001412259185812,0.008612432373923
74,0.847773811838851,0.087943475960764,0.006083778194585,0.048392121930667,0.001280740382947,0.008526071692187
75,0.858983413500717,0.08245191001751,0.005664650989799,0.043798136996377,0.001184749948807,0.00791713854679
76,0.8568822595338,0.082284749782484,0.005753105995725,0.046127074923273,0.001072247198413,0.007880562566306
77,0.854382818922303,0.083047329509393,0.005902168878825,0.047515560323386,0.001158529907357,0.007993592458736
78,0.848987332609482,0.084595005428882,0.005860296778864,0.0511444082519,0.001217517191459,0.008195439739414
79,0.851454363723778,0.083328588780081,0.005576431589868,0.050638616867836,0.00109282876591,0.007909170272527
80,0.856543163273216,0.079851971189657,0.005549395178278,0.049342936781048,0.001058311622216,0.007654221955585
81,0.85561776250122,0.080009306025652,0.005326573956637,0.050243157444445,0.001073194893694,0.007730005178353
82,0.85760217338476,0.078438336646167,0.005269377997387,0.049966663966552,0.001042659737757,0.007680788267378
83,0.858981575208465,0.078785389081302,0.005108919160603,0.048735593574246,0.001048565371923,0.007339957603461
84,0.861624363155844,0.077180037529567,0.004893611062311,0.04780309453428,0.001048994671005,0.007449899046993
85,0.863470708596419,0.075098282004221,0.004824087653204,0.048355038800535,0.001062587268273,0.007189295677348
86,0.865663982564954,0.074371369018582,0.004612177923633,0.047144947827905,0.001026336296193,0.007181186368733
87,0.876782879993608,0.066553589005074,0.004234964242519,0.044761320175646,0.000933435514861,0.006733811068293
88,0.872359235923592,0.068550855085509,0.004308430843084,0.046948694869487,0.001020102010201,0.006812681268127
89,0.873813258681854,0.067813789608321,0.004363250235297,0.046123030142144,0.001057026329126,0.006829645003258
90,0.875982656502395,0.066375719103353,0.004296199733613,0.045637203502706,0.000872842689942,0.006835378467991
91,0.873160105592465,0.067780047367314,0.004125978053597,0.047224804728588,0.000848268514309,0.006860795743728
92,0.871634218389533,0.068962875311784,0.004375622504661,0.04734866220024,0.000774672466778,0.006903949127004
93,0.865347215506774,0.071656512909777,0.004297886514307,0.051112615371391,0.000752130140004,0.006833639557747
94,0.861799075011631,0.072781259407241,0.004474425987247,0.05339208012917,0.00080731233409,0.00674584713062
95,0.854798331015299,0.075215577190543,0.004673157162726,0.056708391284191,0.000890125173853,0.007714418173389
96,0.845175427549555,0.080548069415409,0.004961841674433,0.061783744301438,0.000705236380122,0.006825680679042
97,0.849083698030634,0.076962527352298,0.004718271334792,0.060722100656455,0.000923140043764,0.007590262582057
98,0.828799177166367,0.088300334276164,0.004937001799949,0.069015170995115,0.000874260735408,0.008074055026999
99,0.804345944074106,0.102588520474418,0.005713791013765,0.077482469050299,0.001385161457882,0.00848411392953
100,0.768571873539947,0.116129367180605,0.007838862067175,0.097233037429269,0.001505476820848,0.008721382962155
