0,0.847981995027834,0.056575562606326,0.029789830801139,0.012455924510976,0.004167672284391,0.049029014769336
1,0.848865102085758,0.056626922955925,0.029858904583635,0.012452024412496,0.004201796331834,0.047995249630352
2,0.849253804470314,0.056824528912015,0.030096716347709,0.012436918795504,0.004227298115648,0.047160733358811
3,0.849586030816199,0.056932869966797,0.029954167005668,0.012359023830833,0.004213303578693,0.04695460480181
4,0.849487625752172,0.05759429949504,0.030168814241897,0.01198011379157,0.004034995980613,0.046734150738709
5,0.850682206584073,0.057171556109864,0.029828037368423,0.011706246620542,0.003966546815119,0.046645406501979
6,0.853118012907509,0.056099823278429,0.02915417736597,0.011564034719442,0.00395231446676,0.04611163726189
7,0.856554299905666,0.054434668771538,0.028727643763356,0.010963941243286,0.003808020329977,0.045511425986177
8,0.86102619263285,0.052481506642512,0.026945576690821,0.010418553743961,0.003566576086957,0.045561594202899
9,0.854059653481734,0.055632576922927,0.029201699489452,0.01132084289069,0.003935229357084,0.045849997858114
10,0.857127056440925,0.054646455207871,0.02869244015416,0.01105477040899,0.003855916123336,0.044623361664718
11,0.859341762066192,0.053579079504198,0.029420386809685,0.010611709524418,0.003865465998181,0.043181596097326
12,0.861643049368263,0.053009685119582,0.029300527588147,0.010551762935032,0.003801067339709,0.041693907649268
13,0.864239556440325,0.051891194127345,0.029915393946935,0.010218047217643,0.003726787769449,0.040009020498305
14,0.866037433250373,0.050996022246906,0.029711380254584,0.010462144026738,0.003506521020316,0.039286499201084
15,0.867842784350911,0.050197395308011,0.029704923709381,0.010382127520792,0.003436550645335,0.038436218465571
16,0.870053071430455,0.049808460198455,0.029326173320706,0.009995761586181,0.003498212362784,0.03731832110142
17,0.871054161863274,0.049848501851644,0.02870609359219,0.009997857601942,0.003540057742729,0.036853327348221
18,0.870764211379589,0.050330394032945,0.029440054201963,0.009886615462481,0.003486428336657,0.036092296586365
19,0.871943714068793,0.050181117071344,0.028898051052051,0.009855416652013,0.003287207611261,0.035834493544537
20,0.872256551200262,0.050011790804008,0.029291278770084,0.010096267219269,0.003320206933828,0.03502390507255
21,0.873689502870259,0.049568718629743,0.028950796162805,0.010089395951513,0.003241504838922,0.034460081546758
22,0.874496423142745,0.048562347863984,0.029159093083325,0.010129999893704,0.003339817383633,0.03431231863261
23,0.875173612940618,0.04916592022762,0.028998366615733,0.010076400231835,0.003540755571948,0.033044944412245
24,0.874964733426816,0.049617436635969,0.0294954879841,0.009817792880995,0.00353297371956,0.032571575352561
25,0.875873109792048,0.049680970035732,0.029206820799789,0.010044041032226,0.003459917205377,0.031735141134828
26,0.876188818578515,0.050171770039493,0.029269283207148,0.0101114329641,0.003555577657048,0.030703117553696
27,0.8708552029311,0.05404684003862,0.028827205675356,0.011102144315364,0.003753542405645,0.031415064633915
28,0.870367879198073,0.055268058702607,0.028792190922199,0.011175943870151,0.003880156551495,0.030515770755475
29,0.871196093126494,0.055344426979358,0.028560943203097,0.011436315441568,0.003804735912418,0.029657485337065
30,0.871712153763783,0.055043115035931,0.028918814511593,0.011449148655945,0.003924066932789,0.028952701099959
31,0.873219442159093,0.054205469634013,0.028530407468606,0.010965079057805,0.00392005033151,0.029159551348972
32,0.874029451137885,0.05419147855791,0.028864884826663,0.010594100540091,0.003988367262152,0.028331717675299
33,0.875078184565796,0.053450849871937,0.028765071929801,0.010710714823794,0.003739162591938,0.028256016216735
34,0.875968117470677,0.052745273698295,0.028925496120621,0.010404887856128,0.003866712419309,0.02808951243497
35,0.875655352480418,0.052901653611836,0.029170873223093,0.010207136640557,0.003843342036554,0.028221642007543
36,0.876314701383444,0.052915671579404,0.028949978648459,0.010522129912267,0.003940432589004,0.027357085887422
37,0.877506442168263,0.051946042800011,0.02885352495128,0.010492190891375,0.003842210748954,0.027359588440118
38,0.878438453564434,0.052002077744523,0.028726392077587,0.01029877696402,0.003694517587748,0.026839782061689
39,0.878731583368234,0.051988890942656,0.028654723104172,0.010114670366566,0.003591491791043,0.026918640427329
40,0.878471503788865,0.051603056408209,0.028879600982452,0.010528006932662,0.003653766105416,0.026864065782395
41,0.881620971620972,0.050488215488216,0.028318903318903,0.010161135161135,0.003607503607504,0.025803270803271
42,0.884179387811307,0.049474760986741,0.027697997403313,0.01009412991305,0.003479462564425,0.025074261321163
43,0.88654555321222,0.048684648684649,0.027972027972028,0.009985076651743,0.00333493666827,0.02347775681109
44,0.89064832321624,0.046507115135835,0.027768932232063,0.009548213752612,0.00323912827147,0.02228828739178
45,0.891214289417743,0.046321356354021,0.027816664074247,0.009651578783637,0.003276818582465,0.021719292787888
46,0.892167722535628,0.04587568588648,0.027607653657847,0.00962746887007,0.003256274174687,0.021465194875288
47,0.892447597345529,0.045342834137639,0.027899841594788,0.009446423778675,0.003112846610076,0.021750456533294
48,0.892010061815094,0.04568286238008,0.027799599537643,0.009707376812859,0.003303682190534,0.021496417263789
49,0.894050032692128,0.044573930912468,0.027367981494607,0.009782913280696,0.003175806726337,0.021049334893764
50,0.893933691050363,0.045143539064392,0.027292700646867,0.009503135130088,0.003334996454925,0.020791937653365
51,0.8942584752765,0.045528978039246,0.027098650626012,0.009143052872265,0.003220950601074,0.020749892584903
52,0.894538600583991,0.045189797148022,0.026786348818886,0.009328410091616,0.003272204798616,0.02088463855887
53,0.893291995664486,0.045918162532385,0.027353267230119,0.009541837405855,0.003171348548807,0.020723388618348
54,0.895023211700694,0.045275295761993,0.027236310088354,0.009106848699646,0.003147930913992,0.020210402835322
55,0.893526188767856,0.045443871893549,0.027600939273368,0.009409040506164,0.003163524884222,0.020856434674842
56,0.894443280080589,0.044401701022913,0.02774641507393,0.009390782294758,0.003133641176113,0.020884180351698
57,0.895049377599291,0.044393391547927,0.027204127424219,0.009375312629518,0.002997670463478,0.020980120335568
58,0.896873736979813,0.043990328367522,0.026657259751402,0.009505002446271,0.0029213435344,0.020052328920592
59,0.895427908633982,0.044989348717677,0.027090645824015,0.009373886542996,0.002820125995952,0.020298084285379
60,0.896597341990464,0.044995434716445,0.026588211423354,0.009203611646546,0.00283250481891,0.019782895404281
61,0.898513567893398,0.044140769227578,0.026123536073878,0.008467228382847,0.002945483660863,0.019809414761437
62,0.897188302499869,0.044734727390249,0.026090526352567,0.009437835193823,0.002546162849606,0.020002445713887
63,0.900107097215472,0.043189877063196,0.025284842594093,0.009026765304102,0.002843926057923,0.019547491765214
64,0.903510063003566,0.041894759831547,0.023933758421445,0.008878422584428,0.002687265873148,0.019095730285866
65,0.904113075820226,0.042013838385937,0.023749662351695,0.00861782367486,0.002508986639516,0.018996613127766
66,0.904846134408543,0.042133134111908,0.02369233473594,0.008816646707903,0.002515902923501,0.017995847112205
67,0.903995894386635,0.042878884405748,0.023613175715533,0.008765720487955,0.002418536608386,0.018327788395743
68,0.904624018627422,0.042908743544584,0.023332039762381,0.008865936296606,0.002179169527449,0.01809009224156
69,0.907442588860506,0.042386044183151,0.022130084849107,0.008388637151329,0.002413257512548,0.017239387443359
70,0.908198653890968,0.04113034776768,0.022021630957766,0.008587956299434,0.002282353908788,0.017779057175364
71,0.911258977156835,0.040323213305091,0.021202849868418,0.008137387050072,0.002118145445987,0.016959427173595
72,0.910680735355906,0.04150051925196,0.020500543034493,0.008268393807029,0.002077007840308,0.016972800710305
73,0.912817137386309,0.040800451343774,0.020524174246051,0.007719004308281,0.002111399849552,0.016027832866033
74,0.914098698242259,0.039218209899243,0.020666323453703,0.007841803338972,0.00205008457748,0.016124880488343
75,0.914354006053897,0.039712782735617,0.020199249630203,0.007337166815239,0.001802454865159,0.016594339899885
76,0.915440829550101,0.039799951770343,0.019816098220745,0.007517535674219,0.002138880442874,0.015286704341718
77,0.918046161850258,0.038369673177884,0.018528591023034,0.007650286146715,0.002045594286525,0.015359693515584
78,0.917649058482159,0.039506112885015,0.01818689523717,0.007575849551398,0.002173200432212,0.014908883412046
79,0.918216843861298,0.039481523653166,0.017688569953263,0.007533530167221,0.002277270982007,0.014802261383045
80,0.918851205978938,0.03933586230325,0.017622579549315,0.007020722454988,0.002278903861397,0.014890725852112
81,0.918976841715748,0.039147059730488,0.01756144191927,0.00753954793549,0.002235653273305,0.014539455425699
82,0.922319655857048,0.038153540701522,0.017190602250166,0.006965585704831,0.00175380542687,0.013616810059563
83,0.921850782020572,0.037480625616458,0.017577849795688,0.007168521910666,0.002131182189658,0.013791038466958
84,0.92415189276308,0.036322182475726,0.017492825975864,0.007056094972287,0.001749282597586,0.013227721215457
85,0.925491587044714,0.036977099913543,0.016293865969097,0.006761400164047,0.001440954133322,0.013035092775278
86,0.925500755857899,0.036729969765684,0.016392668178383,0.00687358276644,0.00151171579743,0.012991307634165
87,0.928182748774312,0.034049889553365,0.016620871720274,0.006330477883735,0.001454663003071,0.013361349065244
88,0.929297123716192,0.033967278465244,0.016277717797525,0.006007252996706,0.001716357999059,0.012734269025275
89,0.929454998851593,0.034911572661351,0.015093349082915,0.00672638383043,0.001574958165174,0.012238737408538
90,0.925822937020893,0.037050954456636,0.015632045693672,0.006087479332632,0.001878851645874,0.013527731850293
91,0.928697493822803,0.036092481468408,0.015795975997176,0.006133074479351,0.001588422167314,0.011692552064949
92,0.9279128248114,0.036253143336128,0.015140402347024,0.006967728415759,0.001309723386421,0.012416177703269
93,0.928202254187683,0.036365900741018,0.014882620337506,0.006538389688025,0.001432218693567,0.012578616352201
94,0.929160305343511,0.035648854961832,0.016030534351145,0.006488549618321,0.001526717557252,0.011145038167939
95,0.929381595818128,0.036196863596015,0.01509024558635,0.006115001479436,0.001183548673439,0.012032744846632
96,0.932104872619342,0.034627751669552,0.013727430126144,0.006307197625526,0.001484046500124,0.011748701459312
97,0.930221210149642,0.033669486011711,0.014150943396227,0.006018217306441,0.001301236174366,0.014638906961614
98,0.929709067742621,0.033552771289021,0.015077511148864,0.005733701422807,0.001698874495647,0.014228073901041
99,0.930490261920752,0.035258562793821,0.013431833445265,0.005372733378106,0.001343183344527,0.014103425117529
100,0.924949290060852,0.038071462006553,0.013106568887502,0.006085192697769,0.001872366983929,0.015915119363395
